Результаты компрессии HSI по методам и коэффициенту sc
Параметры: -s 760 -l 480 -b 0, базовые NT/ST: --me 1.6 --ae 0.4, OT/AT: ×2
Сортировка: по возрастанию внутренних эталонов

NT (прогонов: 50):
  sc         Главных    Внутр.
  ------------------------------
  1.15           100        770
  1.15           100        770
  1.15           100        770
  1.1501         100        770
  1.1502         100        770
  1.1503         100        770
  1.1504         100        770
  1.1505         100        770
  1.1506         100        770
  1.1507         100        770
  1.1508         100        770
  1.1            101        771
  1.1            101        771
  1.152          100        771
  1.153          100        771
  1.19           101        771
  1.2            101        771
  1.2            101        771
  1.23           101        771
  1.24           101        771
  1.11           101        772
  1.1509         100        772
  1.151          100        772
  1.17           101        772
  1.12           101        773
  1.154          101        773
  1.155          101        773
  1.156          101        773
  1.16           101        773
  1.157          101        774
  1.158          101        774
  1.159          101        774
  1.14           100        775
  1.18           101        775
  1.22           101        775
  1.13           100        776
  1.21           101        777
  1.26           101        777
  1.27           101        777
  1.28           101        777
  1.25           101        778
  1.29           101        778
  1              101        779
  1.3            101        779
  1.5            100        783
  1.6             99        789
  1.7            102        796
  1.4            101        801
  1.8            103        816
  1.9            107        842

OT (прогонов: 40):
  sc         Главных    Внутр.
  ------------------------------
  1.504           62        526
  1.504           62        526
  1.5041          62        526
  1.5042          62        526
  1.5043          62        526
  1.5044          62        526
  1.5045          62        526
  1.5046          62        526
  1.502           62        527
  1.503           62        527
  1.5047          62        527
  1.5048          62        527
  1.5049          62        527
  1.505           62        527
  1.5             62        528
  1.5             62        528
  1.5             62        528
  1.501           62        528
  1.506           62        528
  1.507           62        529
  1.508           62        529
  1.51            62        529
  1.509           62        530
  1.52            63        531
  1.1             65        532
  1.2             66        534
  1.53            63        534
  1.56            63        536
  1.6             63        536
  1.54            63        537
  1.57            63        537
  1.7             68        537
  1.58            63        538
  1               66        539
  1.4             63        540
  1.55            63        540
  1.59            63        540
  1.3             65        546
  1.8             69        570
  1.9             73        601

ST (прогонов: 190):
  sc         Главных    Внутр.
  ------------------------------
  1.1             40        283
  1.1             40        283
  1.1             40        283
  1.1             40        283
  1.1001          40        283
  1.1002          40        283
  1.1003          40        283
  1.1004          40        283
  1.1005          40        283
  1.1006          40        283
  1.1007          40        283
  1.1008          40        283
  1.1009          40        283
  1.101           40        283
  1.101           40        283
  1.1011          40        283
  1.1012          40        283
  1.1013          40        283
  1.1014          40        283
  1.1015          40        283
  1.1016          40        283
  1.1017          40        283
  1.1018          40        283
  1.1019          40        283
  1.102           40        283
  1.102           40        283
  1.1021          40        283
  1.1022          40        283
  1.1023          40        283
  1.1024          40        283
  1.1025          40        283
  1.1026          40        283
  1.1027          40        283
  1.1028          40        283
  1.1029          40        283
  1.103           40        283
  1.103           40        283
  1.1031          40        283
  1.1032          40        283
  1.1033          40        283
  1.1034          40        283
  1.1035          40        283
  1.1036          40        283
  1.1037          40        283
  1.1038          40        283
  1.1039          40        283
  1.104           40        283
  1.104           40        283
  1.1041          40        283
  1.1042          40        283
  1.1043          40        283
  1.1044          40        283
  1.1045          40        283
  1.1046          40        283
  1.1047          40        283
  1.1048          40        283
  1.1049          40        283
  1.105           40        283
  1.105           40        283
  1.1051          40        283
  1.1052          40        283
  1.1053          40        283
  1.1054          40        283
  1.1055          40        283
  1.1056          40        283
  1.1057          40        283
  1.1058          40        283
  1.1059          40        283
  1.106           40        283
  1.106           40        283
  1.1061          40        283
  1.1062          40        283
  1.1063          40        283
  1.1064          40        283
  1.1065          40        283
  1.1066          40        283
  1.1067          40        283
  1.1068          40        283
  1.1069          40        283
  1.107           40        283
  1.107           40        283
  1.1071          40        283
  1.1072          40        283
  1.1073          40        283
  1.1074          40        283
  1.1075          40        283
  1.1076          40        283
  1.1077          40        283
  1.1078          40        283
  1.1079          40        283
  1.108           40        283
  1.108           40        283
  1.1081          40        283
  1.1082          40        283
  1.1083          40        283
  1.1084          40        283
  1.1085          40        283
  1.1086          40        283
  1.1087          40        283
  1.1088          40        283
  1.1089          40        283
  1.109           40        283
  1.109           40        283
  1.1091          40        283
  1.1092          40        283
  1.1093          40        283
  1.1094          40        283
  1.1095          40        283
  1.1096          40        283
  1.1097          40        283
  1.1098          40        283
  1.1099          40        283
  1.11            40        283
  1.11            40        283
  1.11            40        283
  1.1101          40        283
  1.1102          40        283
  1.1103          40        283
  1.1104          40        283
  1.1105          40        283
  1.1106          40        283
  1.1107          40        283
  1.1108          40        283
  1.1109          40        283
  1.111           40        283
  1.111           40        283
  1.1111          40        283
  1.1112          40        283
  1.1113          40        283
  1.1114          40        283
  1.1115          40        283
  1.1116          40        283
  1.1117          40        283
  1.1118          40        283
  1.1119          40        283
  1.112           40        283
  1.112           40        283
  1.1121          40        283
  1.1122          40        283
  1.1123          40        283
  1.1124          40        283
  1.1125          40        283
  1.1126          40        283
  1.1127          40        283
  1.1128          40        283
  1.1129          40        283
  1.113           40        283
  1.113           40        283
  1.1131          40        283
  1.1132          40        283
  1.1133          40        283
  1.1134          40        283
  1.118           40        283
  1.118           40        283
  1.117           40        284
  1.1181          40        284
  1.1182          40        284
  1.1183          40        284
  1.1184          40        284
  1.1185          40        284
  1.12            40        284
  1.13            40        284
  1.3             38        284
  1.1135          40        285
  1.1136          40        285
  1.1137          40        285
  1.1138          40        285
  1.1139          40        285
  1.114           40        285
  1.115           40        285
  1.116           40        285
  1.1186          40        285
  1.1187          40        285
  1.1188          40        285
  1.1189          40        285
  1.119           40        285
  1.14            40        286
  1.15            40        288
  1               39        289
  1.16            40        291
  1.17            40        291
  1.18            40        291
  1.2             40        291
  1.4             40        291
  1.19            40        293
  1.7             41        302
  1.6             41        306
  1.5             41        309
  1.9             40        309
  1.8             41        317

AT (прогонов: 190):
  sc         Главных    Внутр.
  ------------------------------
  1.27            28        231
  1.27            28        231
  1.27            28        231
  1.2701          28        231
  1.2702          28        231
  1.2703          28        231
  1.2704          28        231
  1.2705          28        231
  1.2706          28        231
  1.2707          28        231
  1.2708          28        231
  1.2709          28        231
  1.271           28        231
  1.271           28        231
  1.279           28        231
  1.279           28        231
  1.2791          28        231
  1.2792          28        231
  1.2793          28        231
  1.2794          28        231
  1.2795          28        231
  1.2796          28        231
  1.2797          28        231
  1.2798          28        231
  1.2799          28        231
  1.28            28        231
  1.28            28        231
  1.28            28        231
  1.2801          28        231
  1.2802          28        231
  1.2803          28        231
  1.2804          28        231
  1.2805          28        231
  1.2806          28        231
  1.2807          28        231
  1.2808          28        231
  1.2809          28        231
  1.281           28        231
  1.281           28        231
  1.2811          28        231
  1.2812          28        231
  1.2813          28        231
  1.2814          28        231
  1.2815          28        231
  1.2816          28        231
  1.2817          28        231
  1.2818          28        231
  1.2819          28        231
  1.282           28        231
  1.282           28        231
  1.2821          28        231
  1.2822          28        231
  1.2823          28        231
  1.2824          28        231
  1.2825          28        231
  1.2826          28        231
  1.2827          28        231
  1.2828          28        231
  1.2829          28        231
  1.283           28        231
  1.283           28        231
  1.2831          28        231
  1.2832          28        231
  1.2833          28        231
  1.2834          28        231
  1.2835          28        231
  1.2836          28        231
  1.2837          28        231
  1.2838          28        231
  1.2839          28        231
  1.284           28        231
  1.284           28        231
  1.2841          28        231
  1.2842          28        231
  1.2843          28        231
  1.2844          28        231
  1.2845          28        231
  1.2846          28        231
  1.2847          28        231
  1.2848          28        231
  1.2849          28        231
  1.285           28        231
  1.285           28        231
  1.2851          28        231
  1.2852          28        231
  1.2853          28        231
  1.2854          28        231
  1.2855          28        231
  1.2856          28        231
  1.2857          28        231
  1.2858          28        231
  1.2859          28        231
  1.286           28        231
  1.286           28        231
  1.2861          28        231
  1.2862          28        231
  1.2863          28        231
  1.2864          28        231
  1.2865          28        231
  1.2866          28        231
  1.2867          28        231
  1.2868          28        231
  1.44            28        231
  1.44            28        231
  1.44            28        231
  1.4401          28        231
  1.4402          28        231
  1.4403          28        231
  1.4404          28        231
  1.4405          28        231
  1.4406          28        231
  1.4407          28        231
  1.4408          29        231
  1.4409          28        231
  1.441           28        231
  1.441           28        231
  1.4411          29        231
  1.4412          29        231
  1.4413          29        231
  1.4414          29        231
  1.4415          29        231
  1.4416          29        231
  1.4417          29        231
  1.4418          29        231
  1.4419          29        231
  1.442           29        231
  1.442           29        231
  1.4421          29        231
  1.4422          29        231
  1.4423          29        231
  1.4425          29        231
  1.4426          29        231
  1.4427          29        231
  1.4428          29        231
  1.4429          29        231
  1.26            29        232
  1.2711          28        232
  1.2712          28        232
  1.2713          28        232
  1.2714          28        232
  1.2715          28        232
  1.2716          28        232
  1.2717          28        232
  1.2718          28        232
  1.2719          28        232
  1.272           28        232
  1.273           28        232
  1.274           28        232
  1.275           28        232
  1.276           28        232
  1.277           28        232
  1.278           28        232
  1.2869          28        232
  1.287           28        232
  1.288           28        232
  1.289           28        232
  1.29            28        232
  1.43            28        232
  1.4424          29        232
  1.443           29        232
  1.444           29        232
  1.445           29        233
  1.21            30        234
  1.23            29        234
  1.24            29        234
  1.25            29        234
  1.42            28        234
  1.2             30        235
  1.2             30        235
  1.22            30        235
  1.4             28        235
  1.4             28        235
  1.3             28        236
  1.41            28        236
  1               31        239
  1.447           29        241
  1.448           29        241
  1.449           29        242
  1.45            29        242
  1.46            29        242
  1.446           29        243
  1.47            29        243
  1.1             32        244
  1.6             28        248
  1.48            29        249
  1.5             29        249
  1.49            29        251
  1.8             31        263
  1.7             31        266
  1.9             32        283

