Результаты компрессии HSI по методам и коэффициенту sc
Параметры: -s 760 -l 480 -b 0, NT/ST: --me 0.8 --ae 0.2, OT/AT: --me 1.6 --ae 0.4
Сортировка: по возрастанию внутренних эталонов

NT (прогонов: 635, +S0):
  sc         Главных    Внутр.
  ------------------------------
  1.128          229      1867
  1.1280         229      1867
  1.12800        229      1867
  1.128000       229      1867
  1.128001       229      1867
  1.128002       229      1867
  1.128003       229      1867
  1.128004       229      1867
  1.128005       229      1867
  1.128006       229      1867
  1.128007       229      1867
  1.128008       229      1867
  1.128009       229      1867
  1.12801        229      1867
  1.128010       229      1867
  1.128011       229      1867
  1.128012       229      1867
  1.128013       229      1867
  1.128014       229      1867
  1.128015       229      1867
  1.128016       229      1867
  1.128017       229      1867
  1.128018       229      1867
  1.128019       229      1867
  1.12802        229      1867
  1.128020       229      1867
  1.128021       229      1867
  1.128022       229      1867
  1.128023       229      1867
  1.128024       229      1867
  1.128025       229      1867
  1.128026       229      1867
  1.128027       229      1867
  1.128028       229      1867
  1.128029       229      1867
  1.12803        229      1867
  1.128030       229      1867
  1.128031       229      1867
  1.128032       229      1867
  1.128033       229      1867
  1.128034       229      1867
  1.128035       229      1867
  1.128036       229      1867
  1.128037       229      1867
  1.128038       229      1867
  1.128039       229      1867
  1.12804        229      1867
  1.128040       229      1867
  1.128041       229      1867
  1.128042       229      1867
  1.128043       229      1867
  1.128044       229      1867
  1.128045       229      1867
  1.128046       229      1867
  1.128047       229      1867
  1.128048       229      1867
  1.128049       229      1867
  1.12805        229      1867
  1.128050       229      1867
  1.128051       229      1867
  1.128052       229      1867
  1.128053       229      1867
  1.128054       229      1867
  1.128055       229      1867
  1.128056       229      1867
  1.128057       229      1867
  1.128058       229      1867
  1.128059       229      1867
  1.12806        229      1867
  1.128060       229      1867
  1.128061       229      1867
  1.128062       229      1867
  1.128063       229      1867
  1.128064       229      1867
  1.128065       229      1867
  1.128066       229      1867
  1.128067       229      1867
  1.128068       229      1867
  1.128069       229      1867
  1.12807        229      1867
  1.128070       229      1867
  1.128071       229      1867
  1.128072       229      1867
  1.128073       229      1867
  1.128074       229      1867
  1.128075       229      1867
  1.128076       229      1867
  1.128077       229      1867
  1.128078       229      1867
  1.128079       229      1867
  1.12808        229      1867
  1.128080       229      1867
  1.128081       229      1867
  1.128082       229      1867
  1.128083       229      1867
  1.128084       229      1867
  1.128085       229      1867
  1.128086       229      1867
  1.128087       229      1867
  1.128088       229      1867
  1.128089       229      1867
  1.12809        229      1867
  1.128090       229      1867
  1.128091       229      1867
  1.128092       229      1867
  1.128093       229      1867
  1.128094       229      1867
  1.128095       229      1867
  1.128096       229      1867
  1.128097       229      1867
  1.128098       229      1867
  1.128099       229      1867
  1.1281         229      1867
  1.12810        229      1867
  1.128100       229      1867
  1.128101       229      1867
  1.128102       229      1867
  1.128103       229      1867
  1.128104       229      1867
  1.128105       229      1867
  1.128106       229      1867
  1.128107       229      1867
  1.128108       229      1867
  1.128109       229      1867
  1.12811        229      1867
  1.128110       229      1867
  1.128111       229      1867
  1.128112       229      1867
  1.128113       229      1867
  1.128114       229      1867
  1.128115       229      1867
  1.128116       229      1867
  1.128117       229      1867
  1.128118       229      1867
  1.128119       229      1867
  1.12812        229      1867
  1.128120       229      1867
  1.128121       229      1867
  1.128122       229      1867
  1.128123       229      1867
  1.128124       229      1867
  1.128125       229      1867
  1.128126       229      1867
  1.128127       229      1867
  1.128128       229      1867
  1.128129       229      1867
  1.12813        229      1867
  1.128130       229      1867
  1.128131       229      1867
  1.128132       229      1867
  1.128133       229      1867
  1.128134       229      1867
  1.128135       229      1867
  1.128136       229      1867
  1.128137       229      1867
  1.128138       229      1867
  1.128139       229      1867
  1.12814        229      1867
  1.128140       229      1867
  1.128141       229      1867
  1.128142       229      1867
  1.128143       229      1867
  1.128144       229      1867
  1.128145       229      1867
  1.128146       229      1867
  1.128147       229      1867
  1.128148       229      1867
  1.128149       229      1867
  1.12815        229      1867
  1.128150       229      1867
  1.128151       229      1867
  1.128152       229      1867
  1.128153       229      1867
  1.128154       229      1867
  1.128155       229      1867
  1.128156       229      1867
  1.128157       229      1867
  1.128158       229      1867
  1.128159       229      1867
  1.12816        229      1867
  1.128160       229      1867
  1.128161       229      1867
  1.128162       229      1867
  1.128163       229      1867
  1.128164       229      1867
  1.128165       229      1867
  1.128166       229      1867
  1.128167       229      1867
  1.128168       229      1867
  1.128169       229      1867
  1.12817        229      1867
  1.128170       229      1867
  1.128171       229      1867
  1.128172       229      1867
  1.128173       229      1867
  1.128174       229      1867
  1.128175       229      1867
  1.128176       229      1867
  1.128177       229      1867
  1.128178       229      1867
  1.128179       229      1867
  1.12818        229      1867
  1.128180       229      1867
  1.128181       229      1867
  1.128182       229      1867
  1.128183       229      1867
  1.128184       229      1867
  1.128185       229      1867
  1.128186       229      1867
  1.128187       229      1867
  1.128188       229      1867
  1.128189       229      1867
  1.12819        229      1867
  1.128190       229      1867
  1.128191       229      1867
  1.128192       229      1867
  1.128193       229      1867
  1.128194       229      1867
  1.128195       229      1867
  1.128196       229      1867
  1.128197       229      1867
  1.128198       229      1867
  1.128199       229      1867
  1.1282         229      1867
  1.12820        229      1867
  1.128200       229      1867
  1.128201       229      1867
  1.128202       229      1867
  1.128203       229      1867
  1.128204       229      1867
  1.128205       229      1867
  1.128206       229      1867
  1.128207       229      1867
  1.128208       229      1867
  1.128209       229      1867
  1.12821        229      1867
  1.128210       229      1867
  1.128211       229      1867
  1.128212       229      1867
  1.128213       229      1867
  1.128214       229      1867
  1.128215       229      1867
  1.128216       229      1867
  1.128217       229      1867
  1.128218       229      1867
  1.128219       229      1867
  1.12822        229      1867
  1.128220       229      1867
  1.128221       229      1867
  1.128222       229      1867
  1.128223       229      1867
  1.128224       229      1867
  1.128225       229      1867
  1.128226       229      1867
  1.128227       229      1867
  1.128228       229      1867
  1.128229       229      1867
  1.12823        229      1867
  1.128230       229      1867
  1.128231       229      1867
  1.128232       229      1867
  1.128233       229      1867
  1.128234       229      1867
  1.128235       229      1867
  1.128236       229      1867
  1.128237       229      1867
  1.128238       229      1867
  1.128239       229      1867
  1.12824        229      1867
  1.128240       229      1867
  1.128241       229      1867
  1.128242       229      1867
  1.128243       229      1867
  1.128244       229      1867
  1.128245       229      1867
  1.128246       229      1867
  1.128247       229      1867
  1.12825        229      1867
  1.12826        229      1867
  1.12827        229      1867
  1.12828        229      1867
  1.12829        229      1867
  1.1283         229      1867
  1.12830        229      1867
  1.12831        229      1867
  1.12832        229      1867
  1.12833        229      1867
  1.12834        229      1867
  1.12835        229      1867
  1.12836        229      1867
  1.12837        229      1867
  1.12838        229      1867
  1.12839        229      1867
  1.1284         229      1867
  1.12840        229      1867
  1.12841        229      1867
  1.12842        229      1867
  1.12843        229      1867
  1.12844        229      1867
  1.12845        229      1867
  1.12846        229      1867
  1.12847        229      1867
  1.12848        229      1867
  1.12849        229      1867
  1.1285         229      1867
  1.12850        229      1867
  1.12851        229      1867
  1.12852        229      1867
  1.12853        229      1867
  1.12854        229      1867
  1.12855        229      1867
  1.12856        229      1867
  1.12857        229      1867
  1.12858        229      1867
  1.12859        229      1867
  1.1286         229      1867
  1.12860        229      1867
  1.12861        229      1867
  1.12862        229      1867
  1.12863        229      1867
  1.12864        229      1867
  1.12865        229      1867
  1.12866        229      1867
  1.12867        229      1867
  1.12868        229      1867
  1.12869        229      1867
  1.1287         229      1867
  1.12870        229      1867
  1.12871        229      1867
  1.12872        229      1867
  1.12873        229      1867
  1.12874        229      1867
  1.12875        229      1867
  1.12876        229      1867
  1.12877        229      1867
  1.12878        229      1867
  1.12879        229      1867
  1.1288         229      1867
  1.12880        229      1867
  1.12881        229      1867
  1.12882        229      1867
  1.12883        229      1867
  1.12884        229      1867
  1.12885        229      1867
  1.12886        229      1867
  1.12887        229      1867
  1.12888        229      1867
  1.12889        229      1867
  1.1289         229      1867
  1.12890        229      1867
  1.12891        229      1867
  1.12892        229      1867
  1.12893        229      1867
  1.12894        229      1867
  1.12895        229      1867
  1.12896        229      1867
  1.12897        229      1867
  1.12898        229      1867
  1.12899        229      1867
  1.129          229      1867
  1.1290         229      1867
  1.12900        229      1867
  1.12901        229      1867
  1.12902        229      1867
  1.12903        229      1867
  1.12904        229      1867
  1.12905        229      1867
  1.12906        229      1867
  1.12907        229      1867
  1.12908        229      1867
  1.12909        229      1867
  1.1291         229      1867
  1.12910        229      1867
  1.12911        229      1867
  1.12912        229      1867
  1.12913        229      1867
  1.12914        229      1867
  1.12915        229      1867
  1.12916        229      1867
  1.12917        229      1867
  1.12918        229      1867
  1.12919        229      1867
  1.1292         229      1867
  1.12920        229      1867
  1.12921        229      1867
  1.12922        229      1867
  1.12923        229      1867
  1.12924        229      1867
  1.12925        229      1867
  1.12926        229      1867
  1.12927        229      1867
  1.12928        229      1867
  1.12929        229      1867
  1.1293         229      1867
  1.12930        229      1867
  1.12931        229      1867
  1.12932        229      1867
  1.12933        229      1867
  1.12934        229      1867
  1.12935        229      1867
  1.12936        229      1867
  1.12937        229      1867
  1.12938        229      1867
  1.12939        229      1867
  1.1294         229      1867
  1.12940        229      1867
  1.12941        229      1867
  1.12942        229      1867
  1.12943        229      1867
  1.1295         229      1867
  1.1296         229      1867
  1.1297         229      1867
  1.1298         229      1867
  1.1299         229      1867
  1.13           229      1867
  1.130          229      1867
  1.1300         229      1867
  1.1301         229      1867
  1.1302         229      1867
  1.1303         229      1867
  1.1304         229      1867
  1.1305         229      1867
  1.1306         229      1867
  1.1307         229      1867
  1.1308         229      1867
  1.133          229      1867
  1.1330         229      1867
  1.1331         229      1867
  1.1332         229      1867
  1.1333         229      1867
  1.1334         229      1867
  1.1335         229      1867
  1.1336         229      1867
  1.1337         229      1867
  1.1338         229      1867
  1.1339         229      1867
  1.134          229      1867
  1.1340         229      1867
  1.1341         229      1867
  1.1342         229      1867
  1.1343         229      1867
  1.1344         229      1867
  1.1345         229      1867
  1.1346         229      1867
  1.1347         229      1867
  1.1348         229      1867
  1.127          229      1868
  1.1309         229      1868
  1.131          229      1868
  1.132          229      1868
  1.1349         229      1868
  1.135          229      1868
  1.138          229      1868
  1.145          229      1868
  1.146          229      1868
  1.097          229      1869
  1.126          229      1869
  1.136          229      1869
  1.137          229      1869
  1.144          229      1869
  1.096          229      1870
  1.099          229      1870
  1.125          229      1870
  1.148          229      1870
  1.098          229      1871
  1.10           229      1871
  1.100          229      1871
  1.12           229      1871
  1.120          229      1871
  1.121          229      1871
  1.123          229      1871
  1.124          229      1871
  1.147          229      1871
  1.149          229      1871
  1.095          229      1872
  1.122          229      1872
  1.139          229      1872
  1.14           229      1872
  1.140          229      1872
  1.141          229      1872
  1.142          229      1872
  1.143          229      1872
  1.15           229      1872
  1.150          229      1872
  1.154          229      1872
  1.084          228      1873
  1.094          229      1873
  1.11           229      1873
  1.152          229      1873
  1.153          229      1873
  1.156          229      1873
  1.157          229      1873
  1.158          229      1873
  1.159          229      1873
  1.085          228      1874
  1.086          228      1874
  1.087          228      1874
  1.088          228      1874
  1.089          228      1874
  1.090          228      1874
  1.091          228      1874
  1.092          229      1874
  1.093          229      1874
  1.151          229      1874
  1.155          229      1874
  1.16           229      1874
  1.160          229      1874
  1.076          227      1875
  1.078          227      1875
  1.080          227      1875
  1.081          227      1875
  1.077          227      1876
  1.079          227      1876
  1.082          227      1876
  1.083          227      1876
  1.176          229      1876
  1.056          227      1877
  1.073          227      1877
  1.074          227      1877
  1.075          227      1877
  1.161          229      1877
  1.162          229      1877
  1.167          229      1877
  1.168          229      1877
  1.169          229      1877
  1.195          228      1877
  1.196          228      1877
  1.198          228      1877
  1.044          227      1878
  1.048          227      1878
  1.049          227      1878
  1.163          229      1878
  1.166          229      1878
  1.175          229      1878
  1.177          229      1878
  1.199          228      1878
  1.042          227      1879
  1.043          227      1879
  1.046          227      1879
  1.047          227      1879
  1.053          227      1879
  1.054          227      1879
  1.057          227      1879
  1.058          227      1879
  1.164          229      1879
  1.165          229      1879
  1.17           229      1879
  1.170          229      1879
  1.171          229      1879
  1.174          229      1879
  1.178          229      1879
  1.179          229      1879
  1.197          228      1879
  1.20           228      1879
  1.200          228      1879
  1.026          227      1880
  1.027          227      1880
  1.028          227      1880
  1.029          227      1880
  1.030          227      1880
  1.031          227      1880
  1.036          227      1880
  1.037          227      1880
  1.041          227      1880
  1.045          227      1880
  1.050          227      1880
  1.051          227      1880
  1.052          227      1880
  1.055          227      1880
  1.059          227      1880
  1.060          227      1880
  1.071          227      1880
  1.172          229      1880
  1.173          229      1880
  1.194          228      1880
  1.024          227      1881
  1.025          227      1881
  1.032          227      1881
  1.033          227      1881
  1.034          227      1881
  1.035          227      1881
  1.038          227      1881
  1.039          227      1881
  1.040          227      1881
  1.061          227      1881
  1.062          227      1881
  1.064          227      1881
  1.066          227      1881
  1.070          227      1881
  1.18           229      1881
  1.180          229      1881
  1.181          229      1881
  1.185          229      1881
  1.188          228      1881
  1.193          228      1881
  1.001          227      1882
  1.002          227      1882
  1.003          227      1882
  1.004          227      1882
  1.005          227      1882
  1.006          227      1882
  1.007          227      1882
  1.008          227      1882
  1.009          227      1882
  1.010          227      1882
  1.011          227      1882
  1.012          227      1882
  1.013          227      1882
  1.014          227      1882
  1.015          227      1882
  1.063          227      1882
  1.068          227      1882
  1.069          227      1882
  1.072          227      1882
  1.182          229      1882
  1.183          229      1882
  1.184          229      1882
  1.189          228      1882
  1.016          227      1883
  1.017          227      1883
  1.018          227      1883
  1.019          227      1883
  1.020          227      1883
  1.021          227      1883
  1.022          227      1883
  1.023          227      1883
  1.065          227      1883
  1.067          227      1883
  1.186          229      1883
  1.187          229      1883
  1.19           228      1883
  1.190          228      1883
  1.191          228      1884
  1.192          228      1884
  ------------------------------
  -S0            227      1882
  2.0            280      2114


OT (прогонов: 192, +S0):
  sc         Главных    Внутр.
  ------------------------------
  1.064          146      1308
  1.0640         146      1308
  1.0641         146      1308
  1.0642         146      1308
  1.0643         146      1308
  1.0644         146      1308
  1.0645         146      1308
  1.0646         146      1308
  1.0647         146      1308
  1.0648         146      1308
  1.0649         146      1308
  1.065          146      1308
  1.0650         146      1308
  1.0651         146      1308
  1.0652         146      1308
  1.0653         146      1308
  1.0654         146      1308
  1.0655         146      1308
  1.0656         146      1308
  1.0657         146      1308
  1.0658         146      1308
  1.0659         146      1308
  1.066          146      1308
  1.0660         146      1308
  1.0661         146      1308
  1.0662         146      1308
  1.0663         146      1308
  1.0664         146      1308
  1.0665         146      1308
  1.0666         146      1308
  1.0667         146      1308
  1.0668         146      1308
  1.0669         146      1308
  1.067          146      1308
  1.0670         146      1308
  1.0671         146      1308
  1.0672         146      1308
  1.0673         146      1308
  1.0674         146      1308
  1.0675         146      1308
  1.0676         146      1308
  1.0677         146      1308
  1.0678         146      1308
  1.0679         146      1308
  1.068          146      1308
  1.0680         146      1308
  1.0681         146      1308
  1.0682         146      1308
  1.0683         146      1308
  1.0684         146      1308
  1.0685         146      1308
  1.0686         146      1308
  1.0687         146      1308
  1.0688         146      1308
  1.0689         146      1308
  1.069          146      1308
  1.0690         146      1308
  1.0691         146      1308
  1.097          145      1308
  1.0970         145      1308
  1.0971         145      1308
  1.0972         145      1308
  1.0973         145      1308
  1.0974         145      1308
  1.0975         145      1308
  1.0976         145      1308
  1.0977         145      1308
  1.0978         145      1308
  1.14           146      1308
  1.1400         146      1308
  1.1401         146      1308
  1.1402         146      1308
  1.001          145      1309
  1.002          145      1309
  1.003          145      1309
  1.004          145      1309
  1.005          145      1309
  1.006          145      1309
  1.007          145      1309
  1.008          145      1309
  1.009          145      1309
  1.010          145      1309
  1.011          145      1309
  1.012          145      1309
  1.013          145      1309
  1.014          145      1309
  1.015          145      1309
  1.016          145      1309
  1.017          145      1309
  1.018          145      1309
  1.019          145      1309
  1.020          145      1309
  1.044          146      1309
  1.045          146      1309
  1.046          146      1309
  1.047          146      1309
  1.048          146      1309
  1.049          146      1309
  1.050          146      1309
  1.051          146      1309
  1.052          146      1309
  1.053          146      1309
  1.054          146      1309
  1.055          146      1309
  1.056          146      1309
  1.057          146      1309
  1.061          146      1309
  1.062          146      1309
  1.063          146      1309
  1.0692         146      1309
  1.0693         146      1309
  1.0694         146      1309
  1.0695         146      1309
  1.0696         146      1309
  1.0697         146      1309
  1.0698         146      1309
  1.0699         146      1309
  1.070          146      1309
  1.071          146      1309
  1.072          146      1309
  1.073          146      1309
  1.074          146      1309
  1.0979         145      1309
  1.098          145      1309
  1.1403         146      1309
  1.1404         146      1309
  1.1405         146      1309
  1.1406         146      1309
  1.1407         146      1309
  1.1408         146      1309
  1.1409         146      1309
  1.021          145      1310
  1.041          146      1310
  1.042          146      1310
  1.043          146      1310
  1.058          146      1310
  1.059          146      1310
  1.060          146      1310
  1.075          146      1310
  1.076          146      1310
  1.099          145      1310
  1.20           148      1310
  1.022          145      1311
  1.023          145      1311
  1.024          146      1311
  1.025          146      1311
  1.026          146      1311
  1.033          146      1311
  1.034          146      1311
  1.035          146      1311
  1.036          146      1311
  1.037          146      1311
  1.038          146      1311
  1.039          146      1311
  1.040          146      1311
  1.077          146      1311
  1.092          146      1311
  1.093          146      1311
  1.095          146      1311
  1.096          146      1311
  1.12           146      1311
  1.13           146      1311
  1.027          146      1312
  1.028          146      1312
  1.029          146      1312
  1.030          146      1312
  1.031          146      1312
  1.032          146      1312
  1.078          146      1312
  1.079          146      1312
  1.080          146      1312
  1.081          146      1312
  1.082          146      1312
  1.083          146      1312
  1.084          146      1312
  1.085          146      1312
  1.087          146      1312
  1.088          146      1312
  1.089          146      1312
  1.090          146      1312
  1.091          146      1312
  1.094          146      1312
  1.16           146      1312
  1.086          146      1313
  1.10           146      1313
  1.100          146      1313
  1.15           146      1313
  1.11           146      1314
  1.19           149      1316
  1.17           149      1318
  1.18           149      1318
  ------------------------------
  -S0            145      1309
  2.0            182      1554


ST (прогонов: 252, +S0):
  sc         Главных    Внутр.
  ------------------------------
  1.083           85       715
  1.0830          85       715
  1.0831          85       715
  1.0832          85       715
  1.0833          85       715
  1.0834          85       715
  1.0835          85       715
  1.0836          85       715
  1.0837          85       715
  1.0838          85       715
  1.0839          85       715
  1.084           85       715
  1.0840          85       715
  1.0841          85       715
  1.0842          85       715
  1.0843          85       715
  1.0844          85       715
  1.0845          85       715
  1.0846          85       715
  1.0847          85       715
  1.0848          85       715
  1.0849          85       715
  1.085           85       715
  1.0850          85       715
  1.0851          85       715
  1.0852          85       715
  1.0853          85       715
  1.0854          85       715
  1.0855          85       715
  1.0856          85       715
  1.0857          85       715
  1.0858          85       715
  1.0859          85       715
  1.086           85       715
  1.0860          85       715
  1.0861          85       715
  1.0862          85       715
  1.0863          85       715
  1.0864          85       715
  1.0865          85       715
  1.0866          85       715
  1.0867          85       715
  1.0868          85       715
  1.0869          85       715
  1.087           85       715
  1.0870          85       715
  1.0871          85       715
  1.0872          85       715
  1.0873          85       715
  1.0874          85       715
  1.0875          85       715
  1.0876          85       715
  1.0877          85       715
  1.0878          85       715
  1.0879          85       715
  1.088           85       715
  1.0880          85       715
  1.0881          85       715
  1.0882          85       715
  1.0883          85       715
  1.0884          85       715
  1.0885          85       715
  1.0886          85       715
  1.0887          85       715
  1.0888          85       715
  1.0889          85       715
  1.089           85       715
  1.0890          85       715
  1.0891          85       715
  1.0892          85       715
  1.18            85       715
  1.180           85       715
  1.1800          85       715
  1.1801          85       715
  1.1802          85       715
  1.181           85       715
  1.1810          85       715
  1.1813          85       715
  1.1814          85       715
  1.1815          85       715
  1.1816          85       715
  1.1817          85       715
  1.1818          85       715
  1.183           85       715
  1.1830          85       715
  1.1831          85       715
  1.1832          85       715
  1.1833          85       715
  1.1836          85       715
  1.1837          85       715
  1.1838          85       715
  1.184           85       715
  1.1840          85       715
  1.082           85       716
  1.0893          85       716
  1.0894          85       716
  1.0895          85       716
  1.0896          85       716
  1.0897          85       716
  1.0898          85       716
  1.0899          85       716
  1.178           85       716
  1.1803          85       716
  1.1804          85       716
  1.1805          85       716
  1.1806          85       716
  1.1807          85       716
  1.1808          85       716
  1.1809          85       716
  1.1811          85       716
  1.1812          85       716
  1.1819          85       716
  1.182           85       716
  1.1834          85       716
  1.1835          85       716
  1.1839          85       716
  1.1845          85       716
  1.074           85       717
  1.075           85       717
  1.076           85       717
  1.077           85       717
  1.078           85       717
  1.079           85       717
  1.080           85       717
  1.081           85       717
  1.090           85       717
  1.091           85       717
  1.092           85       717
  1.172           84       717
  1.174           84       717
  1.175           85       717
  1.1841          85       717
  1.1842          85       717
  1.1843          85       717
  1.1844          85       717
  1.1846          85       717
  1.1847          85       717
  1.1848          85       717
  1.1849          85       717
  1.185           85       717
  1.073           85       718
  1.17            84       718
  1.170           84       718
  1.171           84       718
  1.173           84       718
  1.176           85       718
  1.177           85       718
  1.179           85       718
  1.186           85       718
  1.072           85       719
  1.188           86       719
  1.187           86       720
  1.031           85       721
  1.032           85       721
  1.033           85       721
  1.034           85       721
  1.071           85       721
  1.093           86       721
  1.094           86       721
  1.189           86       721
  1.19            86       721
  1.190           86       721
  1.191           86       721
  1.192           86       721
  1.193           86       721
  1.194           86       721
  1.195           86       721
  1.026           85       722
  1.027           85       722
  1.028           85       722
  1.029           85       722
  1.030           85       722
  1.035           85       722
  1.036           85       722
  1.037           85       722
  1.038           85       722
  1.069           85       722
  1.070           85       722
  1.196           86       722
  1.197           86       722
  1.198           86       722
  1.199           86       722
  1.20            86       722
  1.017           85       723
  1.039           85       723
  1.042           85       723
  1.043           85       723
  1.044           85       723
  1.045           85       723
  1.068           85       723
  1.13            86       723
  1.14            86       723
  1.15            86       723
  1.16            86       723
  1.001           85       724
  1.002           85       724
  1.003           85       724
  1.004           85       724
  1.005           85       724
  1.006           85       724
  1.007           85       724
  1.008           85       724
  1.009           85       724
  1.010           85       724
  1.011           85       724
  1.012           85       724
  1.013           85       724
  1.014           85       724
  1.015           85       724
  1.016           85       724
  1.018           85       724
  1.019           85       724
  1.020           85       724
  1.025           85       724
  1.040           85       724
  1.041           85       724
  1.046           85       724
  1.047           85       724
  1.098           86       724
  1.099           86       724
  1.11            86       724
  1.021           85       725
  1.022           85       725
  1.023           85       725
  1.024           85       725
  1.048           85       725
  1.054           85       725
  1.055           85       725
  1.056           85       725
  1.057           85       725
  1.058           85       725
  1.059           85       725
  1.060           85       725
  1.061           85       725
  1.063           85       725
  1.064           85       725
  1.065           85       725
  1.066           85       725
  1.095           86       725
  1.096           86       725
  1.097           86       725
  1.10            86       725
  1.100           86       725
  1.049           85       726
  1.050           85       726
  1.051           85       726
  1.052           85       726
  1.053           85       726
  1.067           85       726
  1.062           85       727
  1.12            86       727
  ------------------------------
  -S0             85       724
  2.0             95       881


AT (прогонов: 144, +S0):
  sc         Главных    Внутр.
  ------------------------------
  1.052           65       625
  1.0520          65       625
  1.0521          65       625
  1.0522          65       625
  1.0523          65       625
  1.0524          65       625
  1.0525          65       625
  1.0526          65       625
  1.0527          65       625
  1.0528          65       625
  1.0529          65       625
  1.053           65       625
  1.0530          65       625
  1.0531          65       625
  1.0532          65       625
  1.0533          65       625
  1.0534          65       625
  1.0535          65       625
  1.0536          65       625
  1.0537          65       625
  1.065           65       625
  1.0650          65       625
  1.0651          65       625
  1.0652          65       625
  1.0653          65       625
  1.0654          65       625
  1.0655          65       625
  1.0656          65       625
  1.0657          65       625
  1.0658          65       625
  1.0659          65       625
  1.066           65       625
  1.0660          65       625
  1.0661          65       625
  1.067           65       625
  1.022           65       626
  1.023           65       626
  1.024           65       626
  1.025           65       626
  1.0538          65       626
  1.0539          65       626
  1.064           65       626
  1.068           65       626
  1.001           65       627
  1.002           65       627
  1.003           65       627
  1.004           65       627
  1.005           65       627
  1.006           65       627
  1.007           65       627
  1.008           65       627
  1.009           65       627
  1.010           65       627
  1.011           65       627
  1.012           65       627
  1.013           65       627
  1.014           65       627
  1.015           65       627
  1.016           65       627
  1.017           65       627
  1.018           65       627
  1.019           65       627
  1.020           65       627
  1.021           65       627
  1.026           65       627
  1.054           65       627
  1.055           65       627
  1.056           65       627
  1.057           65       627
  1.058           65       627
  1.059           65       627
  1.060           65       627
  1.061           65       627
  1.062           65       627
  1.063           65       627
  1.069           65       627
  1.070           65       627
  1.073           65       627
  1.027           65       628
  1.028           65       628
  1.029           65       628
  1.030           65       628
  1.031           65       628
  1.032           65       628
  1.036           65       628
  1.037           65       628
  1.038           65       628
  1.039           65       628
  1.040           65       628
  1.046           65       628
  1.047           65       628
  1.048           65       628
  1.049           65       628
  1.050           65       628
  1.051           65       628
  1.071           65       628
  1.072           65       628
  1.033           65       629
  1.034           65       629
  1.035           65       629
  1.041           65       629
  1.042           65       629
  1.043           65       629
  1.044           65       629
  1.045           65       629
  1.074           65       629
  1.075           65       629
  1.076           65       629
  1.077           65       629
  1.084           65       629
  1.085           65       629
  1.086           65       629
  1.078           65       630
  1.079           65       630
  1.080           65       630
  1.081           65       630
  1.082           65       630
  1.083           65       630
  1.087           65       630
  1.088           65       630
  1.089           65       630
  1.090           65       630
  1.091           65       630
  1.092           65       630
  1.093           65       630
  1.094           65       630
  1.095           65       630
  1.098           65       630
  1.099           65       630
  1.096           65       631
  1.097           65       631
  1.10            65       631
  1.100           65       631
  1.11            65       633
  1.19            67       633
  1.20            67       634
  1.12            66       635
  1.15            66       635
  1.14            66       636
  1.16            66       636
  1.17            66       636
  1.18            66       636
  1.13            66       637
  ------------------------------
  -S0             65       627
  2.0             86       760

